pirates = 5
monkeys = 3



       15613        15613
       31238        15625
       46863        15625
       62488        15625
       78113        15625
       93738        15625
      109363        15625
      124988        15625
      140613        15625
      156238        15625
      171863        15625
      187488        15625
      203113        15625
      218738        15625
      234363        15625
      249988        15625
      265613        15625
      281238        15625
      296863        15625
      312488        15625
      328113        15625
      343738        15625
      359363        15625
      374988        15625
      390613        15625
      406238        15625
      421863        15625
      437488        15625
      453113        15625
      468738        15625
      484363        15625
      499988        15625
      515613        15625
      531238        15625
      546863        15625
      562488        15625
      578113        15625
      593738        15625
      609363        15625
      624988        15625
      640613        15625
      656238        15625
      671863        15625
      687488        15625
      703113        15625
      718738        15625
      734363        15625
      749988        15625
      765613        15625
      781238        15625
      796863        15625
      812488        15625
      828113        15625
      843738        15625
      859363        15625
      874988        15625
      890613        15625
      906238        15625
      921863        15625
      937488        15625
      953113        15625
      968738        15625
      984363        15625
      999988        15625
