0.000031
0.000397
0.000946
0.001343
0.001831
0.002258
0.002716
0.003174
0.003662
0.004028
0.004608
0.004913
0.005524
0.005829
0.006378
0.006805
0.007263
0.007721
0.008148
0.008606
0.009094
0.009521
0.009979
0.010406
0.010925
0.011322
0.011780
0.012268
0.012665
0.013184
0.013611
0.014038
0.014526
0.014954
0.015442
0.015839
0.016357
0.016754
0.017273
0.017639
0.018219
0.018463
0.019165
0.019440
0.019989
0.020386
0.020905
0.021210
0.021912
0.022095
0.022766
0.023102
0.023529
0.024139
0.024353
0.025085
0.025299
0.025879
0.026337
0.026672
0.027313
0.027588
0.028168
0.028534
0.029053
0.029449
0.029968
0.030334
0.030914
0.031189
0.031860
0.032104
0.032715
0.033051
0.033600
0.033997
0.034485
0.034912
0.035370
0.035828
0.036255
0.036804
0.037079
0.037781
0.037964
0.038666
0.038879
0.039581
0.039795
0.040466
0.040741
0.041321
0.041687
0.042206
0.042603
0.043091
0.043549
0.044006
0.044403
0.044952
0.045258
0.045929
0.046173
0.046783
0.047089
0.047668
0.048035
0.048584
0.048950
0.049408
0.049927
0.050293
0.050842
0.051208
0.051727
0.052124
0.052673
0.052979
0.053589
0.053925
0.054413
0.054932
0.055267
0.055847
0.056152
0.056763
0.057098
0.057617
0.058044
0.058472
0.059021
0.059326
0.059937
0.060272
0.060791
0.061218
0.061676
0.062103
0.062653
0.062988
0.063507
0.063965
0.064331
0.064941
0.065247
0.065796
0.066193
0.066681
0.067108
0.067566
0.068054
0.068451
0.068970
0.069366
0.069824
0.070343
0.070679
0.071259
0.071625
0.072113
0.072571
0.073029
0.073395
0.074036
0.074249
0.074982
0.075134
0.075867
0.076080
0.076721
0.077057
0.077545
0.078064
0.078369
0.079010
0.079285
0.079834
0.080322
0.080658
0.081268
0.081543
0.082153
0.082489
0.083038
0.083435
0.083893
0.084351
0.084808
0.085266
0.085724
0.086151
0.086639
0.087036
0.087585
0.087921
0.088501
0.088837
0.089386
0.089722
0.090363
0.090576
0.091278
0.091522
0.092102
0.092529
0.092926
0.093475
0.093842
0.094360
0.094757
0.095245
0.095703
0.096130
0.096619
0.097015
0.097565
0.097900
0.098480
0.098785
0.099365
0.099762
0.100220
0.100708
0.101105
0.101593
0.102051
0.102448
0.103027
0.103302
0.103943
0.104248
0.104797
0.105225
0.105652
0.106110
0.106598
0.106995
0.107544
0.107910
0.108368
0.108887
0.109222
0.109863
0.110107
0.110718
0.111084
0.111542
0.112061
0.112457
0.112915
0.113403
0.113800
0.114319
0.114716
0.115234
0.115601
0.116119
0.116577
0.116943
0.117523
0.117920
0.118286
0.118927
0.119171
0.119781
0.120178
0.120605
0.121124
0.121521
0.122009
0.122437
0.122894
0.123383
0.123779
0.124298
0.124695
0.125153
0.125671
0.126007
0.126587
0.126953
0.127441
0.127899
0.128357
0.128754
0.129272
0.129730
0.130127
0.130646
0.131042
0.131500
0.131989
0.132446
0.132874
0.133301
0.133820
0.134216
0.134674
0.135223
0.135529
0.136047
0.136597
0.136841
0.137543
0.137756
0.138397
0.138733
0.139282
0.139618
0.140198
0.140533
0.141083
0.141510
0.141907
0.142426
0.142822
0.143372
0.143738
0.144226
0.144623
0.145172
0.145538
0.146088
0.146454
0.146912
0.147461
0.147766
0.148346
0.148743
0.149200
0.149658
0.150116
0.150574
0.151001
0.151520
0.151855
0.152435
0.152802
0.153320
0.153717
0.154205
0.154633
0.155121
0.155579
0.155975
0.156464
0.156952
0.157288
0.157928
0.158203
0.158783
0.159149
0.159668
0.160034
0.160614
0.160950
0.161469
0.161926
0.162323
0.162842
0.163239
0.163757
0.164124
0.164673
0.165039
0.165558
0.165985
0.166443
0.166870
0.167389
0.167755
0.168274
0.168701
0.169159
0.169647
0.170013
0.170563
0.170959
0.171417
0.171906
0.172302
0.172821
0.173248
0.173676
0.174133
0.174622
0.175049
0.175507
0.175995
0.176361
0.176910
0.177307
0.177795
0.178223
0.178680
0.179108
0.179657
0.179993
0.180542
0.180908
0.181427
0.181824
0.182373
0.182709
0.183258
0.183655
0.184113
0.184601
0.185059
0.185455
0.185944
0.186401
0.186859
0.187286
0.187805
0.188110
0.188751
0.189087
0.189545
0.190063
0.190460
0.190918
0.191406
0.191803
0.192322
0.192719
0.193237
0.193604
0.194153
0.194489
0.195129
0.195343
0.196014
0.196320
0.196838
0.197296
0.197723
0.198181
0.198669
0.199066
0.199585
0.199921
0.200562
0.200775
0.201508
0.201691
0.202362
0.202637
0.203247
0.203552
0.204163
0.204468
0.205017
0.205444
0.205902
0.206299
0.206909
0.207123
0.207855
0.208038
0.208679
0.209045
0.209564
0.209930
0.210480
0.210846
0.211334
0.211853
0.212158
0.212769
0.213135
0.213593
0.214081
0.214508
0.214935
0.215485
0.215820
0.216339
0.216797
0.217194
0.217743
0.218109
0.218597
0.219055
0.219482
0.219971
0.220428
0.220825
0.221375
0.221710
0.222260
0.222656
0.223145
0.223541
0.224121
0.224396
0.225037
0.225311
0.225922
0.226257
0.226807
0.227142
0.227753
0.228058
0.228607
0.229004
0.229492
0.229919
0.230408
0.230804
0.231293
0.231781
0.232178
0.232666
0.233093
0.233551
0.234039
0.234436
0.234955
0.235352
0.235840
0.236267
0.236725
0.237213
0.237640
0.238068
0.238586
0.238953
0.239532
0.239807
0.240448
0.240753
0.241333
0.241699
0.242126
0.242706
0.242981
0.243683
0.243835
0.244598
0.244751
0.245483
0.245728
0.246277
0.246704
0.247223
0.247528
0.248199
0.248383
0.249054
0.249420
0.249908
0.250336
0.250763
0.251282
0.251648
0.252258
0.252502
0.253143
0.253448
0.253998
0.254456
0.254791
0.255432
0.255676
0.256317
0.256622
0.257202
0.257538
0.258087
0.258484
0.258972
0.259399
0.259888
0.260284
0.260773
0.261230
0.261688
0.262146
0.262573
0.263000
0.263550
0.263916
0.264374
0.264923
0.265228
0.265808
0.266205
0.266632
0.267151
0.267578
0.268005
0.268494
0.268921
0.269409
0.269806
0.270355
0.270660
0.271301
0.271576
0.272156
0.272552
0.272980
0.273499
0.273926
0.274353
0.274841
0.275299
0.275696
0.276215
0.276672
0.277008
0.277679
0.277893
0.278503
0.278931
0.279297
0.279907
0.280212
0.280731
0.281189
0.281616
0.282104
0.282562
0.282959
0.283447
0.283905
0.284393
0.284760
0.285309
0.285675
0.286163
0.286682
0.287018
0.287567
0.287933
0.288483
0.288849
0.289368
0.289795
0.290253
0.290710
0.291138
0.291595
0.292114
0.292480
0.292999
0.293427
0.293823
0.294403
0.294708
0.295349
0.295563
0.296265
0.296478
0.297150
0.297455
0.297974
0.298401
0.298889
0.299286
0.299835
0.300140
0.300751
0.301086
0.301605
0.302094
0.302399
0.303009
0.303406
0.303772
0.304443
0.304657
0.305267
0.305664
0.306091
0.306610
0.307007
0.307526
0.307892
0.308441
0.308777
0.309357
0.309723
0.310211
0.310638
0.311157
0.311493
0.312103
0.312408
0.312927
0.313416
0.313782
0.314362
0.314667
0.315247
0.315613
0.316132
0.316528
0.317017
0.317444
0.317932
0.318390
0.318787
0.319275
0.319763
0.320099
0.320770
0.320953
0.321655
0.321899
0.322510
0.322906
0.323303
0.323883
0.324188
0.324768
0.325165
0.325592
0.326111
0.326508
0.326996
0.327423
0.327911
0.328339
0.328766
0.329315
0.329620
0.330231
0.330597
0.331024
0.331573
0.331940
0.332428
0.332886
0.333313
0.333832
0.334167
0.334808
0.335022
0.335693
0.335999
0.336517
0.336975
0.337433
0.337830
0.338379
0.338684
0.339355
0.339569
0.340210
0.340546
0.341095
0.341461
0.341949
0.342407
0.342834
0.343384
0.343689
0.344269
0.344604
0.345215
0.345490
0.346130
0.346375
0.347046
0.347321
0.347900
0.348267
0.348755
0.349213
0.349670
0.350098
0.350586
0.351013
0.351440
0.351990
0.352325
0.352875
0.353271
0.353729
0.354218
0.354645
0.355072
0.355591
0.356018
0.356415
0.356964
0.357330
0.357849
0.358246
0.358795
0.359070
0.359772
0.359985
0.360596
0.360992
0.361450
0.361877
0.362427
0.362701
0.363373
0.363647
0.364227
0.364594
0.365082
0.365509
0.366028
0.366394
0.366943
0.367310
0.367798
0.368286
0.368652
0.369232
0.369537
0.370148
0.370422
0.371063
0.371399
0.371887
0.372314
0.372803
0.373230
0.373718
0.374176
0.374512
0.375183
0.375366
0.376129
0.376251
0.377014
0.377197
0.377899
0.378143
0.378723
0.379150
0.379547
0.380066
0.380493
0.380981
0.381348
0.381958
0.382172
0.382904
0.383118
0.383728
0.384125
0.384521
0.385132
0.385376
0.386017
0.386383
0.386810
0.387360
0.387695
0.388245
0.388641
0.389160
0.389496
0.390076
0.390442
0.390961
0.391357
0.391876
0.392212
0.392822
0.393127
0.393738
0.394043
0.394592
0.394989
0.395477
0.395935
0.396362
0.396820
0.397278
0.397736
0.398163
0.398682
0.399048
0.399597
0.399933
0.400513
0.400879
0.401367
0.401825
0.402252
0.402710
0.403229
0.403564
0.404144
0.404449
0.405090
0.405334
0.406006
0.406250
0.406891
0.407166
0.407776
0.408142
0.408600
0.409119
0.409485
0.410004
0.410370
0.410980
0.411224
0.411896
0.412170
0.412750
0.413116
0.413635
0.414001
0.414581
0.414917
0.415436
0.415894
0.416260
0.416901
0.417084
0.417816
0.418060
0.418640
0.419037
0.419464
0.419983
0.420441
0.420807
0.421356
0.421753
0.422211
0.422668
0.423187
0.423492
0.424133
0.424408
0.425018
0.425323
0.425903
0.426270
0.426758
0.427246
0.427643
0.428101
0.428619
0.428955
0.429565
0.429840
0.430450
0.430786
0.431335
0.431732
0.432190
0.432648
0.433105
0.433594
0.433960
0.434509
0.434875
0.435425
0.435822
0.436249
0.436768
0.437164
0.437653
0.438080
0.438599
0.438934
0.439514
0.439880
0.440369
0.440826
0.441223
0.441772
0.442139
0.442688
0.443024
0.443573
0.443970
0.444458
0.444885
0.445374
0.445801
0.446228
0.446747
0.447144
0.447601
0.448120
0.448486
0.448975
0.449493
0.449799
0.450409
0.450745
0.451294
0.451660
0.452179
0.452576
0.453094
0.453491
0.453979
0.454407
0.454895
0.455292
0.455811
0.456238
0.456696
0.457123
0.457611
0.458008
0.458588
0.458893
0.459442
0.459839
0.460297
0.460846
0.461121
0.461792
0.462036
0.462646
0.463013
0.463470
0.463989
0.464355
0.464905
0.465271
0.465759
0.466217
0.466675
0.467102
0.467621
0.467957
0.468567
0.468842
0.469482
0.469727
0.470459
0.470581
0.471344
0.471527
0.472198
0.472534
0.473022
0.473450
0.473969
0.474335
0.474854
0.475281
0.475708
0.476257
0.476563
0.477173
0.477478
0.478088
0.478394
0.478912
0.479370
0.479828
0.480255
0.480774
0.481079
0.481720
0.482056
0.482544
0.483002
0.483429
0.483917
0.484344
0.484833
0.485229
0.485748
0.486115
0.486694
0.487000
0.487610
0.487885
0.488525
0.488831
0.489380
0.489777
0.490234
0.490753
0.491089
0.491669
0.492004
0.492584
0.492889
0.493500
0.493805
0.494385
0.494751
0.495270
0.495667
0.496155
0.496613
0.497009
0.497559
0.497955
0.498383
0.498871
0.499329
0.499786
0.500183
0.500732
0.501068
0.501678
0.501923
0.502594
0.502869
0.503448
0.503876
0.504211
0.504883
0.505096
0.505768
0.506073
0.506561
0.507080
0.507416
0.507996
0.508362
0.508850
0.509308
0.509735
0.510223
0.510620
0.511139
0.511566
0.511993
0.512512
0.512878
0.513397
0.513855
0.514221
0.514832
0.515106
0.515686
0.516144
0.516479
0.517059
0.517456
0.517883
0.518433
0.518768
0.519287
0.519745
0.520172
0.520630
0.521088
0.521545
0.522003
0.522400
0.522980
0.523254
0.523926
0.524139
0.524811
0.525085
0.525726
0.525970
0.526642
0.526855
0.527557
0.527802
0.528412
0.528778
0.529205
0.529785
0.530090
0.530670
0.531006
0.531555
0.531952
0.532471
0.532837
0.533356
0.533752
0.534271
0.534668
0.535187
0.535583
0.536041
0.536530
0.536926
0.537445
0.537903
0.538239
0.538879
0.539154
0.539703
0.540161
0.540527
0.541138
0.541412
0.542023
0.542328
0.542908
0.543274
0.543823
0.544159
0.544708
0.545105
0.545593
0.546021
0.546478
0.546967
0.547333
0.547974
0.548157
0.548859
0.549103
0.549744
0.550110
0.550537
0.551056
0.551422
0.551971
0.552368
0.552826
0.553284
0.553772
0.554138
0.554718
0.555023
0.555603
0.556000
0.556427
0.557007
0.557251
0.557953
0.558167
0.558807
0.559143
0.559662
0.560089
0.560516
0.561066
0.561371
0.561951
0.562378
0.562744
0.563324
0.563721
0.564117
0.564697
0.565033
0.565552
0.565979
0.566437
0.566895
0.567352
0.567810
0.568207
0.568756
0.569122
0.569672
0.569977
0.570618
0.570892
0.571503
0.571838
0.572327
0.572815
0.573242
0.573669
0.574188
0.574554
0.575073
0.575562
0.575897
0.576447
0.576843
0.577332
0.577850
0.578125
0.578766
0.579071
0.579620
0.580048
0.580475
0.580994
0.581360
0.581909
0.582245
0.582825
0.583191
0.583649
0.584198
0.584503
0.585114
0.585419
0.585968
0.586395
0.586853
0.587280
0.587799
0.588135
0.588745
0.589050
0.589600
0.590027
0.590454
0.590942
0.591400
0.591797
0.592316
0.592743
0.593201
0.593658
0.594086
0.594574
0.594971
0.595551
0.595825
0.596436
0.596802
0.597260
0.597778
0.598145
0.598663
0.599060
0.599609
0.599915
0.600525
0.600861
0.601379
0.601807
0.602264
0.602753
0.603149
0.603638
0.604065
0.604553
0.605011
0.605408
0.605927
0.606293
0.606873
0.607208
0.607758
0.608124
0.608612
0.609070
0.609558
0.609955
0.610443
0.610870
0.611328
0.611816
0.612244
0.612671
0.613190
0.613586
0.614044
0.614532
0.614960
0.615448
0.615814
0.616394
0.616699
0.617310
0.617676
0.618103
0.618622
0.619049
0.619476
0.619995
0.620361
0.620911
0.621246
0.621826
0.622223
0.622650
0.623169
0.623505
0.624084
0.624512
0.624908
0.625458
0.625763
0.626343
0.626770
0.627197
0.627686
0.628082
0.628601
0.628998
0.629486
0.629944
0.630371
0.630859
0.631256
0.631744
0.632202
0.632690
0.633087
0.633545
0.634033
0.634399
0.635040
0.635284
0.635895
0.636200
0.636810
0.637115
0.637726
0.638031
0.638580
0.638977
0.639496
0.639862
0.640411
0.640747
0.641357
0.641663
0.642242
0.642548
0.643158
0.643494
0.644012
0.644409
0.644958
0.645294
0.645874
0.646179
0.646729
0.647217
0.647552
0.648132
0.648499
0.648956
0.649475
0.649841
0.650421
0.650696
0.651337
0.651581
0.652283
0.652496
0.653198
0.653351
0.654114
0.654327
0.654907
0.655334
0.655762
0.656250
0.656708
0.657104
0.657623
0.658051
0.658447
0.659027
0.659363
0.659882
0.660339
0.660736
0.661255
0.661652
0.662140
0.662598
0.663025
0.663513
0.663910
0.664429
0.664825
0.665344
0.665710
0.666260
0.666626
0.667145
0.667572
0.667999
0.668549
0.668854
0.669464
0.669800
0.670288
0.670776
0.671204
0.671631
0.672180
0.672455
0.673126
0.673370
0.674011
0.674316
0.674866
0.675262
0.675751
0.676178
0.676636
0.677155
0.677429
0.678162
0.678284
0.679077
0.679230
0.679932
0.680176
0.680817
0.681091
0.681702
0.682037
0.682587
0.682983
0.683411
0.683929
0.684326
0.684845
0.685242
0.685730
0.686127
0.686676
0.687042
0.687531
0.688019
0.688385
0.688934
0.689301
0.689819
0.690277
0.690613
0.691284
0.691467
0.692169
0.692474
0.692963
0.693451
0.693878
0.694305
0.694824
0.695160
0.695801
0.696045
0.696686
0.696991
0.697510
0.697968
0.698425
0.698853
0.699341
0.699738
0.700256
0.700653
0.701172
0.701538
0.702118
0.702423
0.703003
0.703339
0.703949
0.704193
0.704895
0.705078
0.705780
0.706085
0.706543
0.707092
0.707397
0.708038
0.708313
0.708893
0.709259
0.709778
0.710175
0.710724
0.711029
0.711670
0.711884
0.712585
0.712830
0.713470
0.713776
0.714325
0.714661
0.715271
0.715576
0.716187
0.716492
0.717010
0.717499
0.717834
0.718475
0.718719
0.719360
0.719666
0.720215
0.720612
0.721069
0.721588
0.721954
0.722504
0.722839
0.723358
0.723846
0.724213
0.724792
0.725128
0.725586
0.726166
0.726440
0.727051
0.727417
0.727844
0.728455
0.728668
0.729370
0.729614
0.730194
0.730621
0.731018
0.731567
0.731964
0.732422
0.732880
0.733307
0.733826
0.734192
0.734772
0.735077
0.735626
0.736053
0.736511
0.736938
0.737457
0.737823
0.738373
0.738708
0.739288
0.739624
0.740204
0.740570
0.740997
0.741547
0.741882
0.742493
0.742798
0.743347
0.743713
0.744263
0.744629
0.745178
0.745544
0.746033
0.746490
0.746918
0.747467
0.747742
0.748413
0.748627
0.749298
0.749634
0.750122
0.750549
0.751038
0.751465
0.751892
0.752441
0.752777
0.753326
0.753723
0.754211
0.754608
0.755157
0.755493
0.756073
0.756439
0.756927
0.757355
0.757813
0.758301
0.758728
0.759186
0.759644
0.760071
0.760529
0.761047
0.761414
0.761902
0.762421
0.762695
0.763367
0.763672
0.764160
0.764679
0.764984
0.765656
0.765839
0.766602
0.766754
0.767426
0.767792
0.768219
0.768738
0.769165
0.769562
0.770172
0.770386
0.771088
0.771362
0.771912
0.772339
0.772736
0.773285
0.773682
0.774170
0.774567
0.775085
0.775482
0.775970
0.776459
0.776794
0.777374
0.777802
0.778137
0.778809
0.779022
0.779694
0.779938
0.780640
0.780792
0.781555
0.781738
0.782379
0.782745
0.783234
0.783661
0.784149
0.784515
0.785126
0.785370
0.786102
0.786224
0.786987
0.787170
0.787903
0.788055
0.788818
0.788971
0.789703
0.789917
0.790558
0.790863
0.791412
0.791870
0.792236
0.792755
0.793213
0.793610
0.794159
0.794556
0.794952
0.795532
0.795868
0.796387
0.796844
0.797241
0.797791
0.798157
0.798615
0.799133
0.799530
0.799988
0.800476
0.800873
0.801392
0.801849
0.802155
0.802856
0.803040
0.803741
0.804016
0.804535
0.805054
0.805359
0.805969
0.806274
0.806854
0.807251
0.807678
0.808228
0.808533
0.809143
0.809479
0.809967
0.810486
0.810822
0.811401
0.811737
0.812286
0.812622
0.813263
0.813507
0.814148
0.814453
0.814941
0.815491
0.815826
0.816376
0.816711
0.817291
0.817627
0.818237
0.818481
0.819153
0.819427
0.819977
0.820435
0.820801
0.821381
0.821716
0.822266
0.822632
0.823181
0.823517
0.824097
0.824432
0.824982
0.825409
0.825806
0.826324
0.826752
0.827179
0.827728
0.828064
0.828583
0.829010
0.829529
0.829865
0.830444
0.830780
0.831329
0.831726
0.832245
0.832611
0.833130
0.833557
0.833984
0.834503
0.834930
0.835327
0.835907
0.836182
0.836792
0.837219
0.837555
0.838196
0.838440
0.839081
0.839417
0.839966
0.840271
0.840912
0.841187
0.841797
0.842133
0.842651
0.843048
0.843628
0.843872
0.844574
0.844788
0.845398
0.845825
0.846222
0.846771
0.847076
0.847687
0.848053
0.848511
0.849030
0.849396
0.849854
0.850433
0.850677
0.851379
0.851593
0.852234
0.852539
0.853119
0.853516
0.853912
0.854492
0.854828
0.855347
0.855804
0.856201
0.856689
0.857178
0.857544
0.858124
0.858429
0.859009
0.859344
0.859955
0.860229
0.860840
0.861176
0.861664
0.862213
0.862488
0.863129
0.863403
0.864044
0.864288
0.864960
0.865204
0.865845
0.866180
0.866669
0.867126
0.867554
0.868042
0.868469
0.868927
0.869415
0.869843
0.870270
0.870758
0.871155
0.871735
0.872040
0.872650
0.872894
0.873596
0.873810
0.874451
0.874786
0.875305
0.875763
0.876160
0.876648
0.877075
0.877594
0.877991
0.878448
0.878937
0.879303
0.879913
0.880157
0.880859
0.881042
0.881744
0.882019
0.882538
0.883026
0.883453
0.883881
0.884369
0.884735
0.885345
0.885681
0.886200
0.886566
0.887115
0.887482
0.888062
0.888336
0.888977
0.889282
0.889832
0.890259
0.890686
0.891113
0.891693
0.891968
0.892639
0.892883
0.893433
0.893890
0.894348
0.894745
0.895294
0.895630
0.896179
0.896606
0.897003
0.897552
0.897949
0.898376
0.898956
0.899170
0.899933
0.900085
0.900787
0.901062
0.901642
0.902008
0.902496
0.902954
0.903381
0.903870
0.904358
0.904663
0.905334
0.905548
0.906219
0.906494
0.907104
0.907440
0.907959
0.908386
0.908844
0.909302
0.909729
0.910217
0.910675
0.911102
0.911560
0.912018
0.912445
0.912994
0.913330
0.913849
0.914276
0.914734
0.915222
0.915619
0.916138
0.916504
0.917053
0.917419
0.917938
0.918365
0.918793
0.919312
0.919678
0.920227
0.920624
0.921082
0.921539
0.921997
0.922455
0.922913
0.923370
0.923767
0.924286
0.924713
0.925171
0.925629
0.926086
0.926483
0.927063
0.927338
0.927979
0.928284
0.928833
0.929260
0.929657
0.930237
0.930511
0.931152
0.931488
0.931946
0.932495
0.932800
0.933380
0.933807
0.934174
0.934753
0.935120
0.935577
0.936127
0.936432
0.936981
0.937469
0.937775
0.938416
0.938690
0.939301
0.939667
0.940125
0.940613
0.940979
0.941589
0.941895
0.942444
0.942841
0.943268
0.943817
0.944183
0.944702
0.945129
0.945526
0.946075
0.946472
0.946930
0.947418
0.947815
0.948334
0.948730
0.949188
0.949707
0.950043
0.950653
0.950958
0.951477
0.951965
0.952332
0.952881
0.953278
0.953705
0.954224
0.954651
0.955109
0.955566
0.955963
0.956512
0.956879
0.957397
0.957794
0.958313
0.958710
0.959167
0.959686
0.959991
0.960663
0.960907
0.961517
0.961823
0.962463
0.962677
0.963440
0.963531
0.964325
0.964539
0.965118
0.965515
0.966003
0.966400
0.966949
0.967316
0.967804
0.968262
0.968689
0.969177
0.969604
0.970062
0.970551
0.970917
0.971497
0.971832
0.972382
0.972717
0.973328
0.973633
0.974213
0.974548
0.975067
0.975525
0.975952
0.976440
0.976807
0.977386
0.977722
0.978271
0.978668
0.979126
0.979614
0.980042
0.980499
0.980927
0.981476
0.981781
0.982391
0.982697
0.983276
0.983643
0.984131
0.984589
0.985016
0.985504
0.985931
0.986389
0.986847
0.987305
0.987762
0.988190
0.988678
0.989105
0.989563
0.990051
0.990448
0.990936
0.991394
0.991821
0.992310
0.992737
0.993195
0.993652
0.994110
0.994568
0.994995
0.995483
0.995880
0.996429
0.996765
0.997345
0.997681
0.998199
0.998657
0.999054
0.999573
-1.000000
-0.999542
-0.999115
-0.998596
-0.998260
-0.997650
-0.997345
-0.996765
-0.996429
-0.995880
-0.995483
-0.994995
-0.994598
-0.994049
-0.993683
-0.993195
-0.992737
-0.992310
-0.991821
-0.991364
-0.990967
-0.990448
-0.990051
-0.989563
-0.989075
-0.988739
-0.988129
-0.987823
-0.987244
-0.986877
-0.986420
-0.985901
-0.985504
-0.985016
-0.984619
-0.984100
-0.983704
-0.983154
-0.982849
-0.982269
-0.981873
-0.981415
-0.980896
-0.980591
-0.979950
-0.979675
-0.979065
-0.978760
-0.978180
-0.977783
-0.977356
-0.976837
-0.976471
-0.975891
-0.975586
-0.975006
-0.974640
-0.974152
-0.973663
-0.973267
-0.972778
-0.972351
-0.971863
-0.971466
-0.970917
-0.970581
-0.970032
-0.969604
-0.969208
-0.968658
-0.968292
-0.967804
-0.967285
-0.966980
-0.966339
-0.966095
-0.965454
-0.965118
-0.964600
-0.964172
-0.963715
-0.963318
-0.962708
-0.962494
-0.961761
-0.961578
-0.960907
-0.960602
-0.960052
-0.959656
-0.959167
-0.958771
-0.958221
-0.957916
-0.957245
-0.957001
-0.956421
-0.956055
-0.955505
-0.955139
-0.954620
-0.954224
-0.953735
-0.953247
-0.952911
-0.952332
-0.951935
-0.951477
-0.951019
-0.950592
-0.950104
-0.949677
-0.949127
-0.948883
-0.948181
-0.947937
-0.947327
-0.946991
-0.946411
-0.946106
-0.945526
-0.945160
-0.944641
-0.944214
-0.943817
-0.943207
-0.942993
-0.942261
-0.942078
-0.941437
-0.941040
-0.940613
-0.940094
-0.939758
-0.939148
-0.938873
-0.938202
-0.937988
-0.937317
-0.937012
-0.936523
-0.936035
-0.935608
-0.935120
-0.934723
-0.934235
-0.933807
-0.933289
-0.932953
-0.932312
-0.932098
-0.931427
-0.931122
-0.930573
-0.930176
-0.929688
-0.929291
-0.928741
-0.928375
-0.927887
-0.927429
-0.927002
-0.926514
-0.926086
-0.925598
-0.925232
-0.924652
-0.924316
-0.923798
-0.923309
-0.922943
-0.922455
-0.921967
-0.921570
-0.921082
-0.920593
-0.920258
-0.919647
-0.919342
-0.918762
-0.918427
-0.917847
-0.917511
-0.916992
-0.916565
-0.916077
-0.915680
-0.915131
-0.914795
-0.914246
-0.913879
-0.913330
-0.912994
-0.912384
-0.912079
-0.911560
-0.911072
-0.910736
-0.910095
-0.909851
-0.909210
-0.908905
-0.908386
-0.907898
-0.907501
-0.907043
-0.906525
-0.906189
-0.905640
-0.905182
-0.904846
-0.904205
-0.903961
-0.903320
-0.902985
-0.902496
-0.902008
-0.901642
-0.901093
-0.900696
-0.900208
-0.899811
-0.899261
-0.898926
-0.898346
-0.898041
-0.897430
-0.897125
-0.896484
-0.896271
-0.895569
-0.895386
-0.894623
-0.894470
-0.893768
-0.893494
-0.892914
-0.892578
-0.892029
-0.891602
-0.891174
-0.890686
-0.890259
-0.889801
-0.889343
-0.888855
-0.888489
-0.887939
-0.887543
-0.887085
-0.886597
-0.886169
-0.885712
-0.885315
-0.884735
-0.884399
-0.883850
-0.883484
-0.882996
-0.882538
-0.882050
-0.881683
-0.881134
-0.880798
-0.880157
-0.879944
-0.879242
-0.879028
-0.878387
-0.878021
-0.877563
-0.877075
-0.876678
-0.876160
-0.875763
-0.875244
-0.874847
-0.874390
-0.873901
-0.873505
-0.872955
-0.872620
-0.872070
-0.871674
-0.871185
-0.870758
-0.870300
-0.869843
-0.869354
-0.868958
-0.868469
-0.868042
-0.867584
-0.867096
-0.866669
-0.866211
-0.865784
-0.865295
-0.864868
-0.864410
-0.863892
-0.863556
-0.862976
-0.862640
-0.862091
-0.861725
-0.861176
-0.860809
-0.860291
-0.859863
-0.859436
-0.858917
-0.858551
-0.858002
-0.857635
-0.857117
-0.856689
-0.856262
-0.855743
-0.855347
-0.854889
-0.854370
-0.854065
-0.853424
-0.853088
-0.852631
-0.852112
-0.851746
-0.851196
-0.850861
-0.850250
-0.850006
-0.849304
-0.849060
-0.848511
-0.848053
-0.847687
-0.847046
-0.846832
-0.846191
-0.845825
-0.845367
-0.844849
-0.844513
-0.843933
-0.843597
-0.842987
-0.842743
-0.842102
-0.841766
-0.841248
-0.840820
-0.840363
-0.839905
-0.839478
-0.838959
-0.838593
-0.838043
-0.837708
-0.837128
-0.836761
-0.836273
-0.835815
-0.835419
-0.834869
-0.834534
-0.833893
-0.833740
-0.832916
-0.832794
-0.832123
-0.831787
-0.831299
-0.830811
-0.830383
-0.829956
-0.829437
-0.829102
-0.828491
-0.828186
-0.827606
-0.827240
-0.826752
-0.826324
-0.825836
-0.825409
-0.824890
-0.824554
-0.824005
-0.823578
-0.823151
-0.822662
-0.822205
-0.821808
-0.821259
-0.820923
-0.820343
-0.820038
-0.819397
-0.819153
-0.818512
-0.818207
-0.817627
-0.817291
-0.816711
-0.816406
-0.815796
-0.815491
-0.814911
-0.814575
-0.813965
-0.813721
-0.813019
-0.812836
-0.812134
-0.811859
-0.811279
-0.810944
-0.810364
-0.810059
-0.809418
-0.809174
-0.808533
-0.808228
-0.807678
-0.807220
-0.806885
-0.806274
-0.805939
-0.805450
-0.804932
-0.804596
-0.804016
-0.803711
-0.803101
-0.802765
-0.802246
-0.801788
-0.801422
-0.800873
-0.800446
-0.800018
-0.799530
-0.799103
-0.798645
-0.798187
-0.797699
-0.797363
-0.796722
-0.796448
-0.795868
-0.795502
-0.795013
-0.794525
-0.794128
-0.793640
-0.793213
-0.792725
-0.792297
-0.791840
-0.791351
-0.790985
-0.790405
-0.790100
-0.789490
-0.789185
-0.788605
-0.788239
-0.787750
-0.787292
-0.786865
-0.786407
-0.785889
-0.785553
-0.784973
-0.784637
-0.784088
-0.783661
-0.783264
-0.782745
-0.782318
-0.781860
-0.781372
-0.781006
-0.780457
-0.780060
-0.779602
-0.779114
-0.778717
-0.778198
-0.777802
-0.777313
-0.776886
-0.776398
-0.776001
-0.775452
-0.775116
-0.774567
-0.774170
-0.773682
-0.773254
-0.772766
-0.772369
-0.771820
-0.771484
-0.770966
-0.770477
-0.770142
-0.769531
-0.769226
-0.768677
-0.768250
-0.767822
-0.767365
-0.766846
-0.766510
-0.765900
-0.765594
-0.765076
-0.764587
-0.764221
-0.763672
-0.763275
-0.762817
-0.762360
-0.761871
-0.761505
-0.760925
-0.760620
-0.760040
-0.759674
-0.759155
-0.758759
-0.758240
-0.757874
-0.757324
-0.756958
-0.756439
-0.756012
-0.755554
-0.755127
-0.754608
-0.754242
-0.753693
-0.753326
-0.752838
-0.752350
-0.751953
-0.751465
-0.751007
-0.750610
-0.750061
-0.749695
-0.749207
-0.748718
-0.748352
-0.747803
-0.747437
-0.746887
-0.746521
-0.746002
-0.745605
-0.745117
-0.744690
-0.744171
-0.743805
-0.743317
-0.742828
-0.742432
-0.741943
-0.741455
-0.741119
-0.740540
-0.740143
-0.739716
-0.739166
-0.738800
-0.738342
-0.737823
-0.737518
-0.736816
-0.736633
-0.735962
-0.735657
-0.735138
-0.734680
-0.734253
-0.733795
-0.733307
-0.732910
-0.732361
-0.732056
-0.731445
-0.731140
-0.730560
-0.730194
-0.729645
-0.729309
-0.728790
-0.728333
-0.727905
-0.727448
-0.726929
-0.726624
-0.725983
-0.725677
-0.725159
-0.724701
-0.724304
-0.723755
-0.723389
-0.722870
-0.722504
-0.721924
-0.721619
-0.721008
-0.720703
-0.720123
-0.719788
-0.719208
-0.718903
-0.718262
-0.718018
-0.717377
-0.717072
-0.716492
-0.716156
-0.715576
-0.715302
-0.714600
-0.714417
-0.713745
-0.713440
-0.712891
-0.712463
-0.712036
-0.711578
-0.711060
-0.710754
-0.710083
-0.709839
-0.709259
-0.708832
-0.708435
-0.707886
-0.707520
-0.707001
-0.706604
-0.706085
-0.705688
-0.705231
-0.704742
-0.704346
-0.703796
-0.703461
-0.702881
-0.702576
-0.701965
-0.701660
-0.701080
-0.700714
-0.700195
-0.699799
-0.699310
-0.698883
-0.698364
-0.698029
-0.697449
-0.697083
-0.696594
-0.696106
-0.695770
-0.695160
-0.694855
-0.694244
-0.693970
-0.693359
-0.693024
-0.692474
-0.692047
-0.691650
-0.691132
-0.690735
-0.690216
-0.689819
-0.689301
-0.688934
-0.688416
-0.687988
-0.687561
-0.687012
-0.686676
-0.686127
-0.685760
-0.685242
-0.684784
-0.684387
-0.683868
-0.683502
-0.682953
-0.682556
-0.682037
-0.681702
-0.681122
-0.680786
-0.680206
-0.679871
-0.679321
-0.678925
-0.678467
-0.678009
-0.677551
-0.677094
-0.676636
-0.676178
-0.675781
-0.675262
-0.674835
-0.674377
-0.673920
-0.673462
-0.673035
-0.672577
-0.672058
-0.671722
-0.671143
-0.670807
-0.670258
-0.669830
-0.669403
-0.668945
-0.668457
-0.668060
-0.667542
-0.667114
-0.666718
-0.666138
-0.665833
-0.665283
-0.664825
-0.664429
-0.663940
-0.663452
-0.663116
-0.662506
-0.662201
-0.661621
-0.661255
-0.660767
-0.660309
-0.659882
-0.659393
-0.658966
-0.658508
-0.658020
-0.657623
-0.657135
-0.656708
-0.656219
-0.655762
-0.655365
-0.654816
-0.654541
-0.653809
-0.653687
-0.652893
-0.652740
-0.652039
-0.651794
-0.651184
-0.650818
-0.650360
-0.649811
-0.649536
-0.648865
-0.648621
-0.648010
-0.647644
-0.647217
-0.646606
-0.646362
-0.645691
-0.645447
-0.644867
-0.644440
-0.643982
-0.643555
-0.643066
-0.642670
-0.642120
-0.641754
-0.641266
-0.640778
-0.640472
-0.639771
-0.639587
-0.638885
-0.638641
-0.638031
-0.637665
-0.637207
-0.636688
-0.636353
-0.635742
-0.635468
-0.634827
-0.634552
-0.633942
-0.633606
-0.633087
-0.632660
-0.632172
-0.631805
-0.631226
-0.630890
-0.630341
-0.629974
-0.629456
-0.629028
-0.628571
-0.628113
-0.627655
-0.627258
-0.626678
-0.626404
-0.625763
-0.625427
-0.624939
-0.624481
-0.624054
-0.623566
-0.623138
-0.622650
-0.622284
-0.621674
-0.621429
-0.620758
-0.620483
-0.619934
-0.619476
-0.619080
-0.618591
-0.618134
-0.617676
-0.617279
-0.616699
-0.616394
-0.615875
-0.615326
-0.615112
-0.614380
-0.614166
-0.613525
-0.613190
-0.612671
-0.612274
-0.611786
-0.611328
-0.610901
-0.610382
-0.610016
-0.609528
-0.609039
-0.608673
-0.608093
-0.607758
-0.607269
-0.606750
-0.606415
-0.605835
-0.605499
-0.604980
-0.604462
-0.604187
-0.603546
-0.603241
-0.602692
-0.602234
-0.601868
-0.601288
-0.601013
-0.600342
-0.600128
-0.599396
-0.599243
-0.598511
-0.598267
-0.597717
-0.597229
-0.596924
-0.596252
-0.596008
-0.595428
-0.595001
-0.594604
-0.594025
-0.593719
-0.593140
-0.592804
-0.592255
-0.591827
-0.591400
-0.590912
-0.590485
-0.590057
-0.589508
-0.589172
-0.588623
-0.588196
-0.587830
-0.587219
-0.586945
-0.586304
-0.585968
-0.585510
-0.584991
-0.584625
-0.584106
-0.583649
-0.583282
-0.582703
-0.582367
-0.581787
-0.581482
-0.580933
-0.580475
-0.580109
-0.579468
-0.579285
-0.578552
-0.578369
-0.577637
-0.577454
-0.576752
-0.576508
-0.575928
-0.575500
-0.575104
-0.574554
-0.574188
-0.573669
-0.573242
-0.572815
-0.572296
-0.571930
-0.571381
-0.571014
-0.570496
-0.570068
-0.569641
-0.569122
-0.568726
-0.568298
-0.567719
-0.567413
-0.566864
-0.566406
-0.566071
-0.565460
-0.565125
-0.564606
-0.564178
-0.563690
-0.563324
-0.562744
-0.562408
-0.561920
-0.561371
-0.561096
-0.560455
-0.560120
-0.559692
-0.559082
-0.558838
-0.558197
-0.557831
-0.557404
-0.556885
-0.556519
-0.555939
-0.555603
-0.555054
-0.554718
-0.554138
-0.553772
-0.553284
-0.552826
-0.552399
-0.551910
-0.551483
-0.550995
-0.550629
-0.550018
-0.549774
-0.549103
-0.548828
-0.548248
-0.547852
-0.547455
-0.546844
-0.546570
-0.545959
-0.545624
-0.545135
-0.544647
-0.544220
-0.543762
-0.543304
-0.542877
-0.542389
-0.541962
-0.541473
-0.541077
-0.540558
-0.540131
-0.539703
-0.539215
-0.538818
-0.538269
-0.537903
-0.537384
-0.536987
-0.536499
-0.536072
-0.535553
-0.535248
-0.534546
-0.534393
-0.533661
-0.533417
-0.532867
-0.532379
-0.532043
-0.531464
-0.531067
-0.530670
-0.530090
-0.529755
-0.529236
-0.528748
-0.528442
-0.527771
-0.527557
-0.526886
-0.526581
-0.526031
-0.525665
-0.525146
-0.524719
-0.524261
-0.523773
-0.523438
-0.522827
-0.522522
-0.521912
-0.521606
-0.521057
-0.520660
-0.520172
-0.519714
-0.519287
-0.518799
-0.518402
-0.517883
-0.517456
-0.517029
-0.516541
-0.516113
-0.515625
-0.515198
-0.514740
-0.514282
-0.513855
-0.513336
-0.512970
-0.512421
-0.512085
-0.511505
-0.511139
-0.510620
-0.510223
-0.509796
-0.509216
-0.508942
-0.508270
-0.508057
-0.507416
-0.507019
-0.506622
-0.506073
-0.505707
-0.505219
-0.504730
-0.504333
-0.503845
-0.503387
-0.502991
-0.502411
-0.502167
-0.501434
-0.501282
-0.500549
-0.500336
-0.499695
-0.499390
-0.498779
-0.498474
-0.497925
-0.497559
-0.496979
-0.496704
-0.496002
-0.495819
-0.495148
-0.494843
-0.494293
-0.493927
-0.493347
-0.493042
-0.492462
-0.492126
-0.491547
-0.491211
-0.490662
-0.490265
-0.489807
-0.489349
-0.488861
-0.488464
-0.487946
-0.487549
-0.487091
-0.486572
-0.486237
-0.485626
-0.485352
-0.484741
-0.484375
-0.483917
-0.483429
-0.483002
-0.482544
-0.482056
-0.481659
-0.481171
-0.480774
-0.480225
-0.479828
-0.479370
-0.478882
-0.478516
-0.477966
-0.477570
-0.477112
-0.476624
-0.476196
-0.475739
-0.475281
-0.474823
-0.474426
-0.473846
-0.473541
-0.472992
-0.472504
-0.472229
-0.471527
-0.471283
-0.470734
-0.470245
-0.469940
-0.469269
-0.469055
-0.468384
-0.468079
-0.467560
-0.467102
-0.466705
-0.466187
-0.465729
-0.465393
-0.464752
-0.464508
-0.463837
-0.463531
-0.463043
-0.462585
-0.462128
-0.461700
-0.461182
-0.460815
-0.460266
-0.459930
-0.459320
-0.459045
-0.458435
-0.458130
-0.457550
-0.457153
-0.456665
-0.456238
-0.455841
-0.455261
-0.454956
-0.454346
-0.454010
-0.453522
-0.453003
-0.452698
-0.452057
-0.451782
-0.451202
-0.450775
-0.450409
-0.449799
-0.449524
-0.448883
-0.448608
-0.447998
-0.447693
-0.447113
-0.446747
-0.446259
-0.445740
-0.445465
-0.444763
-0.444550
-0.443970
-0.443512
-0.443115
-0.442596
-0.442169
-0.441772
-0.441254
-0.440796
-0.440369
-0.439941
-0.439423
-0.439026
-0.438568
-0.437988
-0.437836
-0.436981
-0.436890
-0.436188
-0.435852
-0.435425
-0.434814
-0.434570
-0.433899
-0.433685
-0.433014
-0.432709
-0.432159
-0.431763
-0.431274
-0.430908
-0.430298
-0.429993
-0.429474
-0.428955
-0.428680
-0.428009
-0.427765
-0.427124
-0.426849
-0.426178
-0.425995
-0.425262
-0.425049
-0.424408
-0.424103
-0.423553
-0.423157
-0.422638
-0.422211
-0.421814
-0.421295
-0.420868
-0.420410
-0.419922
-0.419556
-0.418976
-0.418671
-0.418060
-0.417755
-0.417206
-0.416779
-0.416351
-0.415863
-0.415375
-0.415070
-0.414398
-0.414154
-0.413544
-0.413177
-0.412720
-0.412201
-0.411804
-0.411346
-0.410858
-0.410492
-0.409882
-0.409607
-0.409027
-0.408661
-0.408081
-0.407806
-0.407135
-0.406921
-0.406311
-0.405823
-0.405579
-0.404846
-0.404633
-0.404053
-0.403595
-0.403259
-0.402649
-0.402283
-0.401825
-0.401367
-0.400909
-0.400452
-0.399994
-0.399536
-0.399139
-0.398590
-0.398193
-0.397736
-0.397278
-0.396851
-0.396362
-0.395905
-0.395477
-0.394989
-0.394592
-0.394073
-0.393677
-0.393188
-0.392761
-0.392242
-0.391907
-0.391296
-0.390991
-0.390472
-0.390015
-0.389557
-0.389160
-0.388611
-0.388245
-0.387756
-0.387268
-0.386871
-0.386383
-0.385956
-0.385468
-0.385071
-0.384521
-0.384186
-0.383636
-0.383240
-0.382751
-0.382324
-0.381866
-0.381378
-0.381012
-0.380432
-0.380096
-0.379578
-0.379120
-0.378723
-0.378174
-0.377838
-0.377289
-0.376923
-0.376343
-0.376007
-0.375519
-0.375031
-0.374664
-0.374054
-0.373779
-0.373199
-0.372803
-0.372375
-0.371796
-0.371521
-0.370911
-0.370514
-0.370148
-0.369507
-0.369293
-0.368561
-0.368378
-0.367706
-0.367432
-0.366821
-0.366516
-0.365906
-0.365601
-0.365021
-0.364685
-0.364136
-0.363739
-0.363251
-0.362823
-0.362366
-0.361877
-0.361511
-0.360931
-0.360596
-0.360046
-0.359680
-0.359131
-0.358826
-0.358154
-0.357910
-0.357330
-0.356934
-0.356445
-0.356049
-0.355499
-0.355164
-0.354614
-0.354218
-0.353699
-0.353363
-0.352753
-0.352448
-0.351898
-0.351471
-0.351044
-0.350525
-0.350159
-0.349609
-0.349274
-0.348694
-0.348358
-0.347778
-0.347443
-0.346924
-0.346497
-0.346039
-0.345551
-0.345154
-0.344666
-0.344208
-0.343781
-0.343262
-0.342926
-0.342346
-0.342010
-0.341431
-0.341064
-0.340607
-0.340088
-0.339783
-0.339111
-0.338837
-0.338318
-0.337860
-0.337433
-0.336945
-0.336517
-0.336029
-0.335632
-0.335144
-0.334686
-0.334259
-0.333740
-0.333374
-0.332855
-0.332458
-0.331940
-0.331543
-0.331024
-0.330688
-0.330078
-0.329773
-0.329193
-0.328827
-0.328369
-0.327820
-0.327545
-0.326843
-0.326660
-0.325989
-0.325684
-0.325134
-0.324738
-0.324219
-0.323853
-0.323334
-0.322937
-0.322418
-0.321991
-0.321564
-0.321075
-0.320648
-0.320160
-0.319733
-0.319275
-0.318848
-0.318329
-0.317963
-0.317383
-0.317108
-0.316467
-0.316132
-0.315674
-0.315125
-0.314819
-0.314240
-0.313843
-0.313354
-0.312958
-0.312439
-0.312042
-0.311554
-0.311096
-0.310669
-0.310242
-0.309692
-0.309296
-0.308899
-0.308289
-0.308075
-0.307373
-0.307068
-0.306580
-0.306061
-0.305756
-0.305145
-0.304810
-0.304291
-0.303833
-0.303406
-0.303009
-0.302399
-0.302124
-0.301514
-0.301178
-0.300690
-0.300201
-0.299774
-0.299286
-0.298920
-0.298370
-0.298004
-0.297455
-0.297089
-0.296570
-0.296204
-0.295593
-0.295349
-0.294678
-0.294434
-0.293793
-0.293488
-0.292938
-0.292542
-0.292023
-0.291656
-0.291107
-0.290771
-0.290192
-0.289825
-0.289337
-0.288879
-0.288452
-0.287964
-0.287537
-0.287079
-0.286591
-0.286194
-0.285706
-0.285248
-0.284821
-0.284363
-0.283875
-0.283478
-0.282959
-0.282532
-0.282135
-0.281586
-0.281219
-0.280670
-0.280334
-0.279755
-0.279419
-0.278839
-0.278564
-0.277893
-0.277649
-0.277008
-0.276733
-0.276093
-0.275848
-0.275146
-0.274963
-0.274261
-0.274048
-0.273346
-0.273102
-0.272491
-0.272156
-0.271637
-0.271210
-0.270752
-0.270294
-0.269836
-0.269379
-0.268921
-0.268524
-0.268005
-0.267578
-0.267090
-0.266693
-0.266205
-0.265778
-0.265289
-0.264862
-0.264374
-0.264008
-0.263397
-0.263123
-0.262543
-0.262146
-0.261688
-0.261200
-0.260773
-0.260345
-0.259827
-0.259460
-0.258881
-0.258606
-0.257935
-0.257690
-0.257111
-0.256683
-0.256256
-0.255768
-0.255310
-0.254913
-0.254395
-0.253967
-0.253540
-0.253021
-0.252655
-0.252106
-0.251740
-0.251190
-0.250854
-0.250305
-0.249878
-0.249481
-0.248932
-0.248566
-0.248047
-0.247620
-0.247162
-0.246735
-0.246216
-0.245850
-0.245331
-0.244873
-0.244476
-0.243958
-0.243561
-0.243103
-0.242584
-0.242218
-0.241669
-0.241333
-0.240753
-0.240448
-0.239807
-0.239532
-0.238953
-0.238586
-0.238068
-0.237671
-0.237122
-0.236847
-0.236176
-0.235931
-0.235291
-0.234924
-0.234528
-0.233917
-0.233704
-0.232941
-0.232788
-0.232117
-0.231812
-0.231232
-0.230896
-0.230286
-0.230072
-0.229370
-0.229095
-0.228516
-0.228149
-0.227661
-0.227203
-0.226746
-0.226349
-0.225800
-0.225464
-0.224884
-0.224518
-0.224030
-0.223602
-0.223114
-0.222717
-0.222137
-0.221863
-0.221222
-0.220947
-0.220367
-0.219940
-0.219543
-0.218994
-0.218628
-0.218109
-0.217743
-0.217163
-0.216858
-0.216217
-0.215973
-0.215363
-0.214996
-0.214508
-0.214020
-0.213684
-0.213043
-0.212830
-0.212128
-0.211884
-0.211243
-0.210968
-0.210388
-0.209991
-0.209534
-0.209045
-0.208618
-0.208160
-0.207733
-0.207245
-0.206787
-0.206390
-0.205841
-0.205505
-0.204956
-0.204498
-0.204163
-0.203552
-0.203247
-0.202667
-0.202271
-0.201843
-0.201294
-0.200989
-0.200378
-0.200073
-0.199463
-0.199158
-0.198608
-0.198181
-0.197784
-0.197174
-0.196930
-0.196289
-0.195984
-0.195435
-0.195007
-0.194580
-0.194061
-0.193695
-0.193176
-0.192749
-0.192291
-0.191833
-0.191376
-0.190948
-0.190460
-0.190033
-0.189545
-0.189148
-0.188629
-0.188263
-0.187683
-0.187347
-0.186859
-0.186340
-0.186005
-0.185425
-0.185089
-0.184570
-0.184113
-0.183655
-0.183258
-0.182739
-0.182343
-0.181824
-0.181427
-0.180969
-0.180481
-0.180023
-0.179626
-0.179108
-0.178741
-0.178162
-0.177856
-0.177216
-0.176971
-0.176361
-0.175995
-0.175476
-0.175110
-0.174561
-0.174133
-0.173767
-0.173157
-0.172852
-0.172333
-0.171814
-0.171539
-0.170868
-0.170593
-0.170044
-0.169617
-0.169189
-0.168640
-0.168335
-0.167725
-0.167450
-0.166809
-0.166473
-0.165955
-0.165588
-0.165039
-0.164642
-0.164154
-0.163727
-0.163269
-0.162842
-0.162292
-0.161957
-0.161438
-0.160980
-0.160583
-0.160034
-0.159698
-0.159149
-0.158752
-0.158264
-0.157806
-0.157410
-0.156860
-0.156525
-0.155975
-0.155579
-0.155060
-0.154724
-0.154053
-0.153931
-0.153107
-0.152985
-0.152283
-0.151978
-0.151459
-0.151001
-0.150604
-0.150085
-0.149689
-0.149200
-0.148712
-0.148346
-0.147797
-0.147430
-0.146942
-0.146484
-0.145996
-0.145630
-0.145050
-0.144745
-0.144196
-0.143768
-0.143280
-0.142883
-0.142395
-0.141937
-0.141541
-0.140991
-0.140625
-0.140106
-0.139709
-0.139221
-0.138763
-0.138397
-0.137756
-0.137512
-0.136902
-0.136505
-0.136108
-0.135559
-0.135162
-0.134674
-0.134277
-0.133759
-0.133331
-0.132904
-0.132385
-0.132019
-0.131500
-0.131073
-0.130585
-0.130219
-0.129608
-0.129364
-0.128693
-0.128448
-0.127777
-0.127533
-0.126892
-0.126617
-0.126038
-0.125610
-0.125183
-0.124695
-0.124298
-0.123779
-0.123352
-0.122955
-0.122375
-0.122070
-0.121490
-0.121063
-0.120697
-0.120148
-0.119751
-0.119232
-0.118866
-0.118347
-0.117920
-0.117462
-0.116974
-0.116577
-0.116119
-0.115601
-0.115234
-0.114716
-0.114258
-0.113922
-0.113281
-0.112976
-0.112457
-0.112030
-0.111542
-0.111145
-0.110626
-0.110229
-0.109741
-0.109283
-0.108856
-0.108368
-0.107971
-0.107452
-0.107056
-0.106567
-0.106110
-0.105682
-0.105225
-0.104706
-0.104401
-0.103729
-0.103546
-0.102814
-0.102600
-0.101990
-0.101593
-0.101135
-0.100677
-0.100250
-0.099731
-0.099396
-0.098785
-0.098480
-0.097931
-0.097473
-0.097107
-0.096558
-0.096191
-0.095642
-0.095245
-0.094818
-0.094269
-0.093964
-0.093353
-0.092987
-0.092529
-0.092041
-0.091614
-0.091187
-0.090668
-0.090271
-0.089783
-0.089325
-0.088959
-0.088348
-0.088074
-0.087433
-0.087158
-0.086578
-0.086182
-0.085724
-0.085236
-0.084839
-0.084320
-0.083923
-0.083435
-0.083008
-0.082550
-0.082031
-0.081696
-0.081116
-0.080811
-0.080200
-0.079865
-0.079346
-0.078918
-0.078430
-0.078064
-0.077484
-0.077179
-0.076569
-0.076233
-0.075714
-0.075317
-0.074829
-0.074310
-0.074036
-0.073364
-0.073090
-0.072510
-0.072144
-0.071625
-0.071228
-0.070740
-0.070282
-0.069855
-0.069366
-0.068970
-0.068420
-0.068115
-0.067505
-0.067139
-0.066711
-0.066132
-0.065826
-0.065277
-0.064880
-0.064362
-0.063995
-0.063416
-0.063141
-0.062469
-0.062225
-0.061615
-0.061249
-0.060791
-0.060272
-0.059906
-0.059387
-0.058960
-0.058502
-0.058075
-0.057587
-0.057129
-0.056702
-0.056244
-0.055756
-0.055359
-0.054871
-0.054413
-0.053986
-0.053528
-0.053009
-0.052673
-0.052094
-0.051758
-0.051208
-0.050842
-0.050262
-0.049957
-0.049377
-0.049011
-0.048553
-0.048004
-0.047668
-0.047150
-0.046692
-0.046295
-0.045776
-0.045380
-0.044861
-0.044495
-0.043915
-0.043640
-0.042969
-0.042755
-0.042084
-0.041779
-0.041260
-0.040771
-0.040436
-0.039825
-0.039551
-0.038910
-0.038635
-0.038025
-0.037659
-0.037201
-0.036713
-0.036316
-0.035828
-0.035339
-0.034912
-0.034515
-0.033966
-0.033630
-0.033051
-0.032654
-0.032227
-0.031708
-0.031342
-0.030823
-0.030396
-0.029907
-0.029510
-0.028961
-0.028656
-0.028046
-0.027740
-0.027130
-0.026825
-0.026245
-0.025909
-0.025360
-0.024963
-0.024445
-0.024109
-0.023499
-0.023254
-0.022522
-0.022369
-0.021637
-0.021393
-0.020844
-0.020416
-0.019928
-0.019562
-0.018951
-0.018707
-0.018066
-0.017670
-0.017303
-0.016724
-0.016357
-0.015900
-0.015350
-0.015015
-0.014496
-0.014069
-0.013611
-0.013153
-0.012665
-0.012268
-0.011810
-0.011292
-0.010956
-0.010345
-0.010040
-0.009491
-0.009064
-0.008636
-0.008148
-0.007721
-0.007263
-0.006775
-0.006378
-0.005859
-0.005463
-0.005005
-0.004486
-0.004120
-0.003632
-0.003143
-0.002747
-0.002258
-0.001770
-0.001434
-0.000854
-0.000488
-0.000488
