1.43899e+01
1.53953e+01
1.53953e+01
1.53953e+01
1.53953e+01
1.53953e+01
1.46264e+01
1.46264e+01
1.46264e+01
1.46264e+01
1.43899e+01
1.43899e+01
1.43899e+01
1.43908e+01
1.43908e+01
1.43908e+01
1.43908e+01
1.43908e+01
1.54736e+01
1.54736e+01
1.54736e+01
1.54736e+01
1.46746e+01
1.46746e+01
1.46746e+01
1.46746e+01
1.46746e+01
1.43859e+01
1.43859e+01
1.43859e+01
1.43859e+01
1.43892e+01
1.43892e+01
1.43892e+01
1.43892e+01
1.59382e+01
1.59382e+01
1.59382e+01
1.59382e+01
1.59382e+01
1.51007e+01
1.51007e+01
1.51007e+01
1.43875e+01
1.43875e+01
1.43875e+01
1.43875e+01
1.43859e+01
1.43859e+01
1.43859e+01
1.43859e+01
1.43859e+01
1.43869e+01
1.43869e+01
1.43869e+01
1.43869e+01
1.55149e+01
1.55149e+01
1.55149e+01
1.55149e+01
1.55149e+01
1.47154e+01
1.47154e+01
1.47154e+01
1.47154e+01
1.43901e+01
1.43901e+01
1.43901e+01
1.43885e+01
1.43885e+01
1.43885e+01
1.43885e+01
1.43885e+01
1.59733e+01
1.59733e+01
1.59733e+01
1.59733e+01
1.51349e+01
1.51349e+01
1.51349e+01
1.51349e+01
1.51349e+01
1.43854e+01
1.43854e+01
1.43854e+01
1.43854e+01
1.43857e+01
1.43857e+01
1.43857e+01
1.43857e+01
1.43845e+01
1.43845e+01
1.43845e+01
1.43845e+01
1.57066e+01
1.57066e+01
1.57066e+01
1.57066e+01
1.43830e+01
1.43830e+01
1.43830e+01
1.43830e+01
1.43830e+01
1.43855e+01
1.43855e+01
1.43855e+01
1.43855e+01
1.43854e+01
1.43854e+01
1.43854e+01
1.43854e+01
1.53921e+01
1.53921e+01
1.53921e+01
1.53921e+01
1.53921e+01
1.45233e+01
1.45233e+01
1.45233e+01
1.45233e+01
1.43845e+01
1.43845e+01
1.43845e+01
1.43827e+01
1.43827e+01
1.43827e+01
1.43827e+01
1.43827e+01
1.53182e+01
1.53182e+01
1.53182e+01
1.53182e+01
1.45094e+01
1.45094e+01
1.45094e+01
1.45094e+01
1.45094e+01
1.43823e+01
1.43823e+01
1.43823e+01
1.43823e+01
1.43831e+01
1.43831e+01
1.43831e+01
1.43831e+01
1.55150e+01
1.55150e+01
1.55150e+01
1.55150e+01
1.55150e+01
1.46113e+01
1.46113e+01
1.46113e+01
1.43825e+01
1.43825e+01
1.43825e+01
1.43825e+01
1.43825e+01
1.43796e+01
1.43796e+01
1.43796e+01
1.43796e+01
1.53696e+01
1.53696e+01
1.53696e+01
1.53696e+01
1.45461e+01
1.45461e+01
1.45461e+01
1.45461e+01
1.45461e+01
1.43819e+01
1.43819e+01
1.43819e+01
1.43819e+01
1.43811e+01
1.43811e+01
1.43811e+01
1.43811e+01
1.50835e+01
1.50835e+01
1.50835e+01
1.50835e+01
1.43809e+01
1.43809e+01
1.43809e+01
1.43809e+01
1.43802e+01
1.43802e+01
1.43802e+01
1.43802e+01
1.43802e+01
1.43810e+01
1.43810e+01
1.43810e+01
1.43810e+01
1.50908e+01
1.50908e+01
1.50908e+01
1.50908e+01
1.50908e+01
1.43787e+01
1.43787e+01
1.43787e+01
1.43787e+01
1.43788e+01
1.43788e+01
1.43788e+01
1.43788e+01
1.60046e+01
1.60046e+01
1.60046e+01
1.60046e+01
1.50961e+01
1.50961e+01
1.50961e+01
1.50961e+01
1.43793e+01
1.43793e+01
1.43793e+01
1.43793e+01
1.43793e+01
1.43770e+01
1.43770e+01
1.43770e+01
1.43770e+01
1.59872e+01
1.59872e+01
1.59872e+01
1.59872e+01
1.50975e+01
1.50975e+01
1.50975e+01
1.50975e+01
1.50975e+01
1.43786e+01
1.43786e+01
1.43786e+01
1.43791e+01
1.43791e+01
1.43791e+01
1.43791e+01
1.43791e+01
1.57912e+01
1.57912e+01
1.57912e+01
1.57912e+01
1.49019e+01
1.49019e+01
1.49019e+01
1.49019e+01
1.43769e+01
1.43769e+01
1.43769e+01
1.43769e+01
1.43769e+01
1.43787e+01
1.43787e+01
1.43787e+01
1.43787e+01
1.59096e+01
1.59096e+01
1.59096e+01
1.59096e+01
1.59096e+01
1.49436e+01
1.49436e+01
1.49436e+01
1.49436e+01
1.43801e+01
1.43801e+01
1.43801e+01
1.43801e+01
1.43801e+01
1.43801e+01
1.43801e+01
1.43801e+01
1.57818e+01
1.57818e+01
1.57818e+01
1.57818e+01
1.44258e+01
1.44258e+01
1.44258e+01
1.44258e+01
1.44258e+01
1.43803e+01
1.43803e+01
1.43803e+01
1.43803e+01
1.43802e+01
1.43802e+01
1.43802e+01
1.43802e+01
1.52879e+01
1.52879e+01
1.52879e+01
1.52879e+01
1.46027e+01
1.46027e+01
1.46027e+01
1.46027e+01
1.43790e+01
1.43790e+01
1.43790e+01
1.43790e+01
1.43790e+01
1.43787e+01
1.43787e+01
1.43787e+01
1.43787e+01
1.55543e+01
1.55543e+01
1.55543e+01
1.55543e+01
1.55543e+01
1.43788e+01
1.43788e+01
1.43788e+01
1.43788e+01
1.43763e+01
1.43763e+01
1.43763e+01
1.43763e+01
1.43776e+01
1.43776e+01
1.43776e+01
1.43776e+01
1.53993e+01
1.53993e+01
1.53993e+01
1.53993e+01
1.43786e+01
1.43786e+01
1.43786e+01
1.43786e+01
1.43786e+01
1.43778e+01
1.43778e+01
1.43778e+01
1.43778e+01
1.60156e+01
1.60156e+01
1.60156e+01
1.60156e+01
1.50413e+01
1.50413e+01
1.50413e+01
1.50413e+01
1.50413e+01
1.52581e+01
1.52581e+01
1.74813e+01
1.74813e+01
2.04580e+01
2.03927e+01
2.13150e+01
2.13150e+01
2.21754e+01
2.45605e+01
2.55260e+01
2.65147e+01
2.74087e+01
2.82452e+01
2.91327e+01
3.03944e+01
3.13599e+01
3.26733e+01
3.39505e+01
3.51528e+01
3.67124e+01
3.84338e+01
3.97625e+01
4.14668e+01
4.35368e+01
5.30495e+01
5.20979e+01
5.39887e+01
5.03307e+01
5.16108e+01
6.09361e+01
6.10300e+01
5.66029e+01
5.85784e+01
5.99535e+01
6.22158e+01
6.43491e+01
6.70364e+01
6.94466e+01
7.23918e+01
7.49263e+01
7.76291e+01
8.02929e+01
8.26005e+01
8.41771e+01
8.69082e+01
9.09566e+01
9.41971e+01
9.67656e+01
9.99347e+01
1.02601e+02
1.06465e+02
1.08481e+02
1.11319e+02
1.15788e+02
1.20650e+02
1.25379e+02
1.30839e+02
1.36196e+02
1.40897e+02
1.44347e+02
1.49188e+02
1.52912e+02
1.55792e+02
1.58265e+02
1.63996e+02
1.69598e+02
1.74337e+02
1.77068e+02
1.81773e+02
1.85436e+02
1.91671e+02
1.96355e+02
2.04824e+02
2.11634e+02
2.15827e+02
2.18569e+02
2.26688e+02
2.33549e+02
2.42546e+02
2.58993e+02
2.69940e+02
2.80414e+02
2.91307e+02
3.04364e+02
3.15840e+02
3.26355e+02
3.35058e+02
3.45196e+02
3.63429e+02
3.80460e+02
4.00417e+02
4.15688e+02
4.25660e+02
4.36690e+02
4.43886e+02
4.53483e+02
4.69689e+02
4.91335e+02
5.03283e+02
5.16321e+02
5.27694e+02
5.39617e+02
5.56909e+02
5.75426e+02
5.89422e+02
6.02020e+02
6.23021e+02
6.45996e+02
6.62743e+02
6.78996e+02
6.88255e+02
7.02830e+02
7.18615e+02
7.49469e+02
7.75785e+02
7.94150e+02
8.19584e+02
8.39215e+02
8.65169e+02
8.94400e+02
9.27617e+02
9.59284e+02
9.89560e+02
1.02578e+03
1.06559e+03
1.11054e+03
1.15542e+03
1.20153e+03
1.26318e+03
1.33142e+03
1.36407e+03
1.40233e+03
1.49637e+03
1.53587e+03
1.56922e+03
1.59939e+03
1.66786e+03
1.77178e+03
1.86516e+03
1.92940e+03
1.97694e+03
2.06040e+03
2.15748e+03
2.26913e+03
2.36445e+03
2.51179e+03
2.66323e+03
2.81067e+03
2.96247e+03
3.13765e+03
3.23331e+03
3.42499e+03
3.62863e+03
3.79622e+03
3.95265e+03
4.11010e+03
4.26246e+03
4.37275e+03
4.57262e+03
4.72105e+03
4.89725e+03
5.13593e+03
5.32448e+03
5.64644e+03
5.73853e+03
5.90886e+03
6.03889e+03
6.34358e+03
6.58359e+03
6.86340e+03
7.09142e+03
7.30747e+03
7.67656e+03
7.97375e+03
8.39377e+03
8.89580e+03
9.55452e+03
9.97697e+03
1.05470e+04
1.05278e+04
1.03050e+04
1.00854e+04
1.11277e+04
1.21644e+04
1.23715e+04
1.26716e+04
1.35360e+04
1.52191e+04
1.52134e+04
1.52081e+04
1.52021e+04
1.51972e+04
1.51910e+04
1.51896e+04
1.51866e+04
1.51838e+04
1.51811e+04
1.51791e+04
1.51791e+04
1.51793e+04
1.51760e+04
1.51747e+04
1.51708e+04
1.51703e+04
1.51691e+04