72 72 72 72 72 72 72 72 72 72 72 72 72 72 72 72 72 72 72 72 72 72 72 72 
72 72 72 72 72 72 72 72 72 72 72 72 72 72 255 255 255 255 255 255 255 255 255 255 
255 255 255 255 255 255 255 255 255 255 255 255 255 255 255 255 255 255 255 255 255 255 255 255 
255 255 255 255 255 255 255 255 255 255 255 255 255 255 255 255 255 255 255 255 255 255 255 255 
255 255 255 255 255 255 255 255 255 255 255 255 255 255 255 255 255 255 255 255 255 255 255 255 
255 255 255 255 255 255 255 255 255 255 255 255 255 255 255 255 255 255 255 255 255 255 255 255 
255 255 255 255 255 255 255 255 255 255 255 255 255 255 255 255 255 255 255 255 255 255 255 255 
255 255 255 255 255 255 255 255 255 255 255 255 255 255 255 255 255 255 255 255 255 255 255 255 
255 255 255 255 255 255 255 255 255 255 255 255 255 255 255 255 255 255 255 255 255 255 255 255 
255 255 255 255 255 255 255 255 255 255 255 255 255 255 255 255 255 255 255 255 255 255 255 255 
255 255 255 255 255 255 255 255 255 255 255 255 255 255 255 255 255 255 255 255 255 255 255 255 
255 255 255 255 255 255 255 255 48 0 0 0 0 0 0 0 0 0 0 0 0 0 0 0 
0 0 0 0 0 0 0 0 0 48 255 255 255 255 255 255 255 255 255 255 255 255 48 0 
0 0 0 0 0 0 0 0 0 0 0 0 0 0 0 0 0 0 0 0 0 0 0 48 
255 255 255 255 255 255 255 255 255 255 255 255 48 0 0 0 0 0 0 0 0 0 0 0 
0 0 0 0 0 0 0 0 0 0 0 0 0 48 255 255 255 255 255 255 255 255 255 255 
255 255 48 0 0 0 0 0 0 0 0 0 0 0 0 0 0 0 0 0 0 0 0 0 
0 0 0 48 255 255 255 255 255 255 255 255 255 255 255 255 48 0 0 0 0 0 0 0 
0 0 0 0 0 0 0 0 0 0 0 0 0 0 0 0 0 48 255 255 255 255 255 255 
255 255 255 255 255 255 48 0 0 0 0 0 0 0 0 0 0 0 0 0 0 0 0 0 
0 0 0 0 0 0 0 48 255 255 255 255 255 255 255 255 255 255 255 255 48 0 0 0 
0 0 0 0 0 0 0 0 0 0 0 0 0 0 0 0 0 0 0 0 0 48 255 255 
255 255 255 255 255 255 255 255 255 255 48 0 0 0 0 0 0 0 0 0 0 0 0 0 
0 0 0 0 0 0 0 0 0 0 0 48 255 255 255 255 255 255 255 255 255 255 255 255 
48 0 0 0 0 0 0 0 0 0 0 0 0 0 0 0 0 0 0 0 0 0 0 0 
0 48 255 255 255 255 255 255 255 255 255 255 255 255 48 0 0 0 0 0 0 0 0 0 
0 0 0 0 0 0 0 0 0 0 0 0 0 0 0 48 255 255 255 255 255 255 255 255 
255 255 255 255 48 0 0 0 0 0 0 0 0 0 0 0 0 0 0 0 0 0 0 0 
0 0 0 0 0 48 255 255 255 255 255 255 255 255 255 255 255 255 48 0 0 0 0 0 
0 0 0 0 0 0 0 0 0 0 0 0 0 0 0 0 0 0 0 48 255 255 255 255 
255 255 255 255 255 255 255 255 48 0 0 0 0 0 0 0 0 0 0 0 0 0 0 0 
0 0 0 0 0 0 0 0 0 48 255 255 255 255 255 255 255 255 255 255 255 255 48 0 
0 0 0 0 0 0 0 0 0 0 0 0 0 0 0 0 0 0 0 0 0 0 0 48 
255 255 255 255 255 255 255 255 255 255 255 255 48 0 0 0 0 0 0 0 0 0 0 0 
0 0 0 0 0 0 0 0 0 0 0 0 0 48 255 255 255 255 255 255 255 255 255 255 
255 255 48 0 0 0 0 0 0 0 0 0 0 0 0 0 0 0 0 0 0 0 0 0 
0 0 0 48 255 255 255 255 255 255 255 255 255 255 255 255 48 0 0 0 0 0 0 0 
0 0 0 0 0 0 0 0 0 0 0 0 0 0 0 0 0 48 255 255 255 255 255 255 
0 0 255 255 255 255 255 255 255 255 255 255 255 255 144 
5 255 
255 255 255 255 255 255 255 255 144 0 0 0 0 0 0 0 0 0 0 0 0 0 0 0 
0 0 0 0 0 0 0 0 0 0 255 255 255 255 255 255 255 255 255 255 255 255 144 0 
0 0 0 0 0 0 0 0 0 0 0 0 0 0 0 0 0 0 0 0 0 0 0 0 
5 255 255 255 255 255 255 255 255 255 255 255 144 
255 255 255 
144 0 0 0 0 0 0 255 255 255 255 255 255 0 0 0 0 0 0 144 255 255 255 255 
255 255 255 255 255 255 255 255 255 255 255 255 255 255 255 255 255 255 255 255 144 0 0 0 
0 0 0 255 255 255 255 255 255 0 0 0 0 0 0 144 255 255 255 255 255 255 255 255 
255 255 255 255 255 255 255 255 255 255 255 255 255 255 255 255 144 0 0 0 0 0 0 255 
255 255 255 255 255 0 0 0 0 0 0 144 255 255 255 255 255 255 255 255 255 255 255 255 
